1083
0 105
0 111
0 15
0 21
0 27
0 3
0 33
0 39
0 45
0 51
0 56
0 57
0 63
0 67
0 69
0 75
0 81
0 87
0 9
0 93
0 99
2 104
2 106
2 109
2 11
2 12
2 18
2 20
2 22
2 29
2 32
2 35
2 46
2 49
2 52
2 62
2 65
2 68
2 69
2 71
2 74
2 77
2 78
2 80
2 83
2 85
2 88
2 94
2 97
3 19
3 30
3 47
3 63
3 81
5 107
5 113
5 66
5 8
9 10
9 103
10 106
10 65
11 106
11 111
11 65
11 67
12 5
15 105
15 107
15 11
15 30
15 47
15 64
15 66
15 68
15 8
15 82
15 89
17 109
17 20
17 32
17 49
17 71
17 77
17 94
18 38
18 55
18 86
18 98
25 101
25 104
25 106
25 15
25 16
25 18
25 21
25 25
25 29
25 32
25 39
25 41
25 44
25 56
25 58
25 62
25 64
25 67
25 69
25 70
25 73
25 76
25 77
25 80
25 86
25 87
25 89
25 92
26 57
28 105
28 107
28 11
28 111
28 6
28 63
28 65
28 9
31 118
32 101
32 118
32 14
33 104
33 106
33 118
33 62
33 64
33 66
34 104
34 106
34 118
34 5
34 56
34 62
34 64
34 8
35 108
35 118
36 118
37 118
38 105
38 107
38 11
38 111
38 118
38 15
38 28
38 40
38 57
38 6
38 63
38 65
38 74
38 81
38 9
38 93
40 18
40 29
40 41
40 58
40 69
40 86
41 101
41 47
41 67
48 100
48 104
48 107
48 11
48 12
48 13
48 20
48 22
48 25
48 30
48 32
48 35
48 37
48 38
48 39
48 46
48 52
48 57
48 59
48 62
48 63
48 65
48 68
48 71
48 72
48 74
48 77
48 79
48 82
48 88
48 91
48 98
49 75
51 101
51 105
51 108
51 112
51 21
51 25
51 27
51 31
51 35
51 53
51 56
51 58
51 60
51 7
55 10
55 19
55 29
55 36
55 97
56 100
56 104
56 107
56 19
56 24
56 29
56 45
56 52
56 57
56 59
57 100
57 104
57 107
57 14
57 19
57 24
57 29
57 40
57 45
57 5
57 52
57 54
57 57
57 59
57 61
58 109
61 101
61 105
61 108
61 112
61 25
61 27
61 53
61 58
61 60
61 62
61 76
61 83
61 99
62 46
63 65
63 71
63 88
64 80
64 92
71 100
71 101
71 107
71 12
71 13
71 14
71 18
71 19
71 20
71 21
71 25
71 29
71 37
71 45
71 52
71 6
71 61
71 63
71 64
71 67
71 70
71 71
71 74
71 80
71 81
71 83
71 86
71 95
71 99
72 118
73 118
74 10
74 108
74 112
74 118
74 25
74 27
74 30
74 34
75 118
76 118
77 118
78 118
78 95
78 98
79 107
79 118
79 24
79 29
79 36
79 44
79 51
79 60
80 102
80 107
80 118
80 13
80 24
80 29
80 36
80 44
80 51
80 8
81 109
81 118
81 31
84 108
84 112
84 25
84 27
84 30
84 34
84 68
84 75
84 87
85 37
85 45
85 52
86 6
86 63
86 80
87 14
87 18
87 20
87 21
87 61
87 95
94 102
94 108
94 110
94 15
94 16
94 17
94 24
94 26
94 30
94 31
94 32
94 33
94 37
94 39
94 42
94 43
94 44
94 51
94 52
94 53
94 60
94 68
94 71
94 79
94 81
94 83
94 85
94 90
94 92
94 97
94 98
94 99
97 102
97 11
97 25
97 38
97 69
97 7
97 72
97 76
97 80
97 82
97 84
97 86
97 90
97 92
101 14
101 23
101 36
101 41
101 50
102 101
102 23
102 36
102 59
102 68
102 71
102 79
102 81
102 83
102 85
102 89
103 101
103 104
103 18
103 23
103 36
103 45
103 5
103 54
103 59
103 68
103 71
103 79
103 81
103 83
103 85
103 89
104 73
107 102
107 69
107 72
107 76
107 80
107 82
107 84
107 86
107 90
107 92
109 97
110 30
110 32
110 33
110 98
117 103
117 105
117 111
117 43
117 50
117 52
117 54
117 56
117 58
117 60
117 96
120 108
120 11
120 17
120 25
120 33
120 41
120 51
120 55
120 59
120 66
120 7
120 74
120 82
120 90
123 118
123 13
123 19
123 27
123 35
123 62
123 68
123 76
123 84
123 92
124 13
124 19
124 27
124 35
124 49
124 62
124 68
124 76
124 84
124 92
125 118
125 13
125 19
125 27
125 35
125 42
125 49
125 62
125 68
125 76
125 84
125 92
125 95
126 107
126 118
126 13
126 20
126 28
126 36
126 42
126 49
126 5
126 62
126 69
126 77
126 85
126 93
126 95
127 13
127 62
127 8
130 108
130 11
131 43
131 96
132 103
132 105
132 111
133 15
133 17
133 19
133 23
133 25
133 27
133 30
133 31
133 33
133 35
133 39
133 40
133 63
133 64
133 66
133 68
133 71
133 72
133 74
133 76
133 79
133 80
133 82
133 84
133 88
133 90
133 92
140 100
140 102
140 104
140 106
140 107
140 11
140 14
140 15
140 16
140 17
140 18
140 20
140 29
140 31
140 33
140 35
140 38
140 39
140 40
140 44
140 48
140 51
140 52
140 53
140 60
140 61
140 62
140 63
140 67
140 68
140 69
140 76
140 77
140 78
140 9
140 90
140 92
140 94
140 96
140 98
143 103
143 111
143 27
143 30
143 34
143 44
143 48
143 87
143 91
143 95
143 99
147 28
147 50
147 66
147 75
147 89
148 28
148 43
148 47
148 89
149 109
149 20
149 28
149 39
149 43
149 47
149 5
149 54
149 70
149 79
149 89
150 24
150 84
153 27
153 44
153 48
153 87
155 107
156 14
156 15
156 17
156 18
156 40
156 60
156 62
156 63
163 101
163 105
163 107
163 110
163 12
163 13
163 14
163 15
163 16
163 18
163 27
163 28
163 29
163 30
163 31
163 33
163 38
163 39
163 40
163 41
163 42
163 44
163 49
163 51
163 54
163 55
163 56
163 60
163 61
163 62
163 63
163 67
163 68
163 69
163 76
163 77
163 78
163 9
163 90
163 97
163 99
166 101
166 103
166 105
166 107
166 25
166 6
166 86
166 97
166 99
170 66
170 75
171 104
171 89
171 96
172 104
172 18
172 33
172 44
172 5
172 55
172 70
172 79
172 84
172 89
172 96
173 22
176 101
176 103
176 105
176 107
176 25
176 6
176 97
176 99
177 90
178 110
178 49
178 51
178 9
179 12
179 13
179 15
179 16
179 27
179 28
179 30
179 31
179 38
179 39
179 41
179 42
179 56
179 60
179 62
179 63
186 100
186 103
186 108
186 110
186 14
186 16
186 19
186 21
186 23
186 25
186 27
186 30
186 32
186 34
186 36
186 38
186 41
186 43
186 45
186 49
186 50
186 51
186 57
186 58
186 61
186 62
186 63
186 64
186 65
186 67
186 72
186 73
186 74
186 75
186 76
186 78
186 83
186 90
186 92
186 94
186 96
186 98
189 103
189 11
189 15
189 19
189 22
189 26
189 30
189 32
189 34
189 36
189 38
189 41
189 43
189 45
189 47
189 6
189 9
189 91
189 95
189 99
193 13
193 20
193 48
193 89
194 13
194 20
194 31
194 40
194 82
194 89
195 104
195 13
195 20
195 31
195 40
195 5
195 52
195 67
195 78
195 8
195 82
195 89
199 11
199 32
199 34
199 36
199 38
199 41
199 43
199 45
199 47
199 6
199 9
200 83
201 58
202 61
202 62
202 64
202 65
202 72
202 73
202 75
202 76
209 101
209 14
209 16
209 18
209 21
209 23
209 26
209 28
209 30
209 33
209 35
209 38
209 40
209 42
209 45
209 52
209 54
209 56
209 60
209 64
209 71
209 72
209 73
209 80
209 82
209 84
209 86
209 89
209 92
212 11
212 110
212 112
212 14
212 16
212 18
212 22
212 26
212 28
212 30
212 33
212 35
212 38
212 40
212 42
212 52
212 54
212 56
212 58
212 60
212 62
212 7
212 80
212 82
212 84
212 86
216 118
216 20
216 70
217 100
217 118
217 13
217 20
217 25
217 32
217 37
217 44
217 51
217 59
217 63
217 79
217 91
218 100
218 109
218 118
218 13
218 20
218 25
218 32
218 37
218 44
218 5
218 51
218 59
218 63
218 74
218 79
218 91
219 118
219 8
220 118
221 118
222 11
222 110
222 112
222 118
222 14
222 16
222 18
222 26
222 28
222 30
222 33
222 35
222 38
222 40
222 42
222 52
222 54
222 56
222 58
222 60
222 62
222 80
222 82
222 84
222 86
223 45
223 64
224 89
231 101
231 108
231 110
231 15
231 17
231 19
231 21
231 24
231 26
231 28
231 30
231 32
231 35
231 39
231 47
231 49
231 51
231 54
231 55
231 57
231 58
231 60
231 61
231 64
231 65
231 69
231 70
231 71
231 78
231 85
231 87
231 90
231 99
234 10
234 101
234 103
234 16
234 20
234 24
234 26
234 28
234 30
234 32
234 35
234 37
234 39
234 41
234 44
234 47
234 49
234 51
234 53
234 8
234 99
238 14
238 68
239 14
239 25
239 34
239 38
239 46
239 77
239 89
239 98
240 104
240 14
240 25
240 34
240 38
240 42
240 46
240 72
240 77
240 89
240 9
240 98
241 5
244 10
244 101
244 103
244 26
244 28
244 30
244 32
244 35
244 37
244 39
244 41
244 47
244 49
244 51
244 53
244 8
244 99
245 78
246 55
246 58
246 61
246 64
246 65
246 85
246 87
251 107
251 27
251 37
251 47
251 56
251 57
251 58
251 59
251 61
251 63
251 67
251 77
251 87
251 97
